função comprimento de bragg por periodo
P = 0.336612 um     Cb = 1538.904
P = 0.3702732
